118 127 17
103 128 23
93 132 24
82 137 25
82 162 13
46 133 36
35 132 39
25 129 42
16 130 42
6 131 42
-2 135 40
-25 159 25
-38 168 18
-53 175 12
-63 165 16
-86 184 0
-65 171 27
-62 270 -18
-22 139 48
-2 133 52
6 132 52
16 132 52
25 130 52
35 133 49
45 131 49
66 129 46
77 129 43
85 121 45
104 129 36
122 131 29
99 122 56
94 134 53
76 127 59
68 135 58
45 132 62
37 139 61
26 136 63
16 136 63
7 137 63
-2 137 63
-23 145 59
-34 147 58
-47 154 54
-60 158 51
-64 167 64
-46 152 70
-34 149 71
-23 146 73
-2 143 74
7 142 74
17 142 74
27 140 74
36 135 75
46 133 74
67 132 73
77 128 72
91 130 69
104 129 67
120 129 64
286 267 3
118 127 80
105 130 82
90 128 84
79 133 84
67 132 85
47 138 86
36 135 87
26 137 87
17 142 86
7 143 86
-2 143 86
-23 146 85
-33 144 85
-46 151 83
-60 156 82
-75 161 80
-45 45 107
-58 152 96
-46 151 97
-35 153 97
-23 149 98
-2 146 98
7 147 98
17 142 98
28 145 98
38 143 98
48 141 98
71 140 97
79 132 97
91 131 97
102 126 96
124 133 94
137 128 94
123 132 109
109 135 110
94 134 110
83 138 110
70 138 110
49 144 110
39 146 110
28 144 110
17 144 110
7 145 110
-2 150 110
-23 149 110
-35 151 110
-48 157 110
-60 158 110
-76 163 110
-61 161 124
-47 155 123
-36 158 123
-24 155 123
-2 156 123
7 152 123
18 152 123
29 150 123
38 144 122
49 142 122
72 141 123
84 140 123
100 143 124
107 133 124
136 145 126
114 141 137
101 144 136
85 142 135
76 150 135
51 148 133
41 155 134
30 156 134
19 158 134
8 154 133
-2 158 134
-25 161 134
-37 163 135
-51 169 136
-67 174 138
-55 181 161
-39 171 157
-26 165 155
-2 163 154
8 159 153
19 158 153
30 156 153
42 159 154
52 152 153
78 154 156
87 145 155
103 147 158
93 156 172
82 161 172
54 157 167
43 163 168
32 165 168
20 167 168
8 163 166
-2 164 166
-25 161 166
-40 175 171
-28 179 189
-2 169 184
8 165 182
20 164 182
32 167 184
44 165 185
56 163 185
80 158 188
