65 170 12
47 166 17
32 166 20
21 177 14
0 181 13
-12 184 11
-29 189 7
-47 190 4
-65 189 2
33 174 30
50 176 27
67 177 24
148 170 6
52 183 43
30 158 54
19 162 53
0 162 54
-11 161 54
-27 172 49
-11 167 67
0 168 67
20 164 68
31 163 67
49 174 63
66 174 62
51 179 78
33 170 80
20 169 81
0 165 82
-11 164 82
-27 171 80
-44 177 79
-127 127 79
-88 256 85
-47 190 93
-28 179 94
-12 177 95
0 174 95
20 168 96
33 173 95
51 179 94
57 199 109
34 177 109
21 177 110
0 177 110
-12 177 110
-28 179 109
-12 180 124
0 180 124
23 189 125
37 192 126
54 189 126
59 208 142
39 203 140
24 195 139
0 191 138
-13 194 139
-32 205 140
64 330 200
