177 165 23
153 164 30
137 169 32
119 171 36
106 177 37
89 176 40
63 184 41
50 187 42
36 189 42
23 191 42
10 192 42
-3 196 40
-32 203 37
-47 205 35
-62 205 33
-83 216 27
-63 207 11
-47 205 14
-33 212 12
-3 215 12
9 189 24
22 184 26
36 186 24
48 179 26
60 176 26
87 172 23
118 198 4
128 184 7
140 173 8
152 163 8
165 154 6
153 164 29
145 179 27
121 174 34
110 183 34
91 179 39
64 188 39
50 187 42
36 190 42
23 191 42
10 192 42
-3 201 39
-31 198 39
-48 209 33
-64 211 31
-44 191 59
-34 218 52
-3 216 53
10 207 55
25 205 56
38 195 58
53 200 55
66 193 57
93 183 56
109 181 54
122 175 54
164 202 40
156 167 49
145 208 65
112 187 72
105 206 69
71 208 71
55 207 72
40 206 73
25 211 73
11 212 73
-3 217 72
-36 228 69
-51 224 69
-67 220 69
-43 188 93
-32 208 91
-3 217 91
11 221 90
25 211 91
39 202 92
55 205 91
69 201 91
97 192 91
138 230 85
125 179 109
111 185 109
107 210 109
69 203 109
54 203 109
39 205 109
25 211 109
11 211 109
-3 211 109
-33 213 109
-49 215 109
-64 212 109
-28 61 117
-85 221 128
-64 209 127
-44 194 126
-35 226 128
-3 214 127
11 214 127
26 216 127
40 210 127
54 203 127
68 199 127
98 192 127
109 182 127
122 174 127
168 207 131
150 185 145
115 165 140
100 166 139
105 206 144
71 207 142
56 211 142
40 209 141
25 211 141
11 210 141
-3 210 141
-33 212 141
-50 218 143
-64 211 142
-95 247 149
-89 232 177
-77 253 181
-48 210 168
-29 188 161
-3 223 170
11 222 170
26 216 169
40 210 168
55 208 168
61 177 160
98 193 168
114 189 169
125 179 169
171 211 183
163 202 199
151 216 200
98 164 175
105 206 189
60 174 173
57 213 185
41 215 185
26 217 185
10 193 176
-3 222 186
-4 231 212
12 233 213
27 220 207
41 214 206
56 210 206
58 169 188
116 227 222
132 219 223
127 181 207
