75 70 58
51 150 26
37 140 34
28 146 32
-57 149 26
-80 107 40
-74 85 52
-79 79 53
-83 72 54
-85 85 58
-84 97 54
-78 141 38
68 134 43
74 123 47
95 136 35
102 145 48
83 138 54
69 136 57
18 153 57
8 160 54
-22 140 61
-31 135 63
-40 130 63
-53 139 59
-61 132 60
-75 136 56
-83 110 63
-88 88 68
-89 78 70
-104 104 73
-86 156 64
-43 143 72
-33 143 73
-2 152 71
8 163 68
45 170 65
103 127 68
115 123 66
56 164 80
19 161 83
8 156 84
-2 152 85
-23 147 85
-35 155 83
-53 139 85
-112 242 62
-96 128 83
-105 121 83
-138 138 76
-95 83 90
-100 100 98
-116 154 93
-63 164 95
-79 258 85
-42 183 94
-23 149 98
-2 149 98
8 153 97
20 164 96
108 133 95
132 141 93
130 121 95
132 142 109
120 148 109
64 187 109
55 206 109
73 378 106
19 158 110
7 147 110
-2 146 110
-27 171 110
-63 275 108
-77 254 108
-62 163 110
-53 175 125
-48 210 127
-27 170 124
-1 84 118
8 155 123
23 194 126
36 187 125
69 259 131
85 249 130
93 270 151
35 183 138
19 162 134
7 145 132
-2 143 131
-22 144 132
-63 275 151
-79 261 150
-89 233 146
-62 133 132
-151 200 147
-94 109 132
-124 107 134
-101 101 148
-87 100 146
-87 115 149
-65 118 146
-54 117 145
-46 122 145
-38 126 146
-29 126 145
-20 129 145
-2 132 146
7 136 147
16 135 147
25 131 146
34 129 146
41 120 144
57 112 144
67 112 145
77 110 146
89 110 148
222 238 222
88 109 158
81 115 158
69 115 156
64 125 158
42 123 154
33 126 154
25 129 155
15 129 154
6 128 154
-2 124 152
-20 127 154
-29 126 154
-37 122 154
-46 121 154
-52 111 152
-57 102 150
-70 93 150
-72 83 148
-80 80 149
-84 73 148
-82 82 160
-75 86 160
-69 91 160
-55 100 160
-48 105 160
-41 108 160
-34 113 161
-28 121 164
-19 125 165
-2 129 166
6 126 165
16 130 167
24 125 165
35 132 169
45 132 171
65 129 173
79 132 177
100 143 187
208 257 256
242 260 267
246 229 259
